E,0,A,60,66,10.280,11.472
E,0,A,90,66,10.280,11.472
E,0,A,120,66,10.280,11.472
B,0,B,60,66,12.865,10.034
B,0,B,90,66,12.865,10.034
B,0,B,120,66,12.865,10.034
H,0,AB,60,66,7.372,6.859
H,0,AB,90,66,7.372,6.859
H,0,AB,120,66,7.372,6.859
E,20,A,60,66,14.702,12.261
E,20,A,90,66,17.921,14.141
E,20,A,120,66,21.050,20.604
B,20,B,60,66,29.085,23.560
B,20,B,90,66,41.472,30.021
B,20,B,120,66,41.471,43.135
H,20,AB,60,66,18.222,14.488
H,20,AB,90,66,28.507,24.406
H,20,AB,120,66,31.779,34.317
E,30,A,60,66,13.926,13.166
E,30,A,90,66,18.512,16.801
E,30,A,120,66,20.430,25.056
B,30,B,60,66,31.386,24.800
B,30,B,90,66,46.780,33.678
B,30,B,120,66,48.928,53.756
H,30,AB,60,66,23.785,16.734
H,30,AB,90,66,35.381,29.631
H,30,AB,120,66,39.946,37.399
E,40,A,60,66,13.724,13.450
E,40,A,90,66,23.453,18.409
E,40,A,120,66,26.712,25.091
B,40,B,60,66,36.292,26.729
B,40,B,90,66,44.917,38.244
B,40,B,120,66,57.818,49.912
H,40,AB,60,66,22.198,19.365
H,40,AB,90,66,38.745,29.643
H,40,AB,120,66,40.642,36.639
E,0,A,60,66,9.916,8.312
E,0,A,90,66,9.916,8.312
E,0,A,120,66,9.916,8.312
B,0,B,60,66,6.171,5.288
B,0,B,90,66,6.171,5.288
B,0,B,120,66,6.171,5.288
H,0,AB,60,66,12.519,10.874
H,0,AB,90,66,12.519,10.874
H,0,AB,120,66,12.519,10.874
E,20,A,60,66,13.073,12.342
E,20,A,90,66,18.339,13.260
E,20,A,120,66,19.953,19.043
B,20,B,60,66,29.283,23.901
B,20,B,90,66,38.717,31.794
B,20,B,120,66,44.650,39.237
H,20,AB,60,66,17.774,16.171
H,20,AB,90,66,28.877,22.630
H,20,AB,120,66,33.975,30.061
E,30,A,60,66,12.501,12.602
E,30,A,90,66,20.271,18.217
E,30,A,120,66,25.258,23.358
B,30,B,60,66,30.421,24.865
B,30,B,90,66,45.150,33.924
B,30,B,120,66,58.386,49.055
H,30,AB,60,66,21.064,18.362
H,30,AB,90,66,34.424,25.287
H,30,AB,120,66,38.578,37.300
E,40,A,60,66,15.142,13.180
E,40,A,90,66,20.614,19.803
E,40,A,120,66,28.479,24.370
B,40,B,60,66,34.630,26.811
B,40,B,90,66,49.508,36.024
B,40,B,120,66,56.444,52.384
H,40,AB,60,66,25.078,19.225
H,40,AB,90,66,37.318,31.279
H,40,AB,120,66,45.235,37.225
E,0,A,60,66,10.502,8.691
E,0,A,90,66,10.502,8.691
E,0,A,120,66,10.502,8.691
B,0,B,60,66,10.213,9.156
B,0,B,90,66,10.213,9.156
B,0,B,120,66,10.213,9.156
H,0,AB,60,66,8.849,7.405
H,0,AB,90,66,8.849,7.405
H,0,AB,120,66,8.849,7.405
E,20,A,60,66,12.927,11.593
E,20,A,90,66,17.087,13.294
E,20,A,120,66,19.003,19.063
B,20,B,60,66,30.273,22.940
B,20,B,90,66,33.485,30.491
B,20,B,120,66,43.859,46.137
H,20,AB,60,66,19.104,15.472
H,20,AB,90,66,29.331,25.193
H,20,AB,120,66,31.248,35.467
E,30,A,60,66,13.758,11.073
E,30,A,90,66,17.450,16.625
E,30,A,120,66,21.061,25.407
B,30,B,60,66,28.477,24.864
B,30,B,90,66,42.227,33.588
B,30,B,120,66,52.493,47.647
H,30,AB,60,66,22.889,17.498
H,30,AB,90,66,34.959,27.770
H,30,AB,120,66,37.495,35.792
E,40,A,60,66,15.932,13.007
E,40,A,90,66,20.822,19.790
E,40,A,120,66,26.913,24.095
B,40,B,60,66,31.514,25.944
B,40,B,90,66,47.605,35.495
B,40,B,120,66,59.693,49.340
H,40,AB,60,66,22.483,20.157
H,40,AB,90,66,40.258,28.916
H,40,AB,120,66,43.686,41.870
G,0,AB,50,50,9.497,5.438
J,40,AB,10,75,14.652,6.672
J,40,AB,10,75,14.791,6.243
G,0,AB,10,50,9.497,5.438
G,30,AB,10,50,14.729,6.040
D,40,A,10,50,12.446,7.331
D,30,A,80,50,15.889,14.803
A,30,B,10,50,20.562,9.423
D,20,A,80,50,14.325,12.649
A,20,B,80,50,36.741,34.337
D,0,A,10,50,8.388,7.633
G,30,AB,80,50,33.752,26.824
D,20,A,80,50,16.197,12.982
J,20,AB,50,75,22.053,12.636
G,0,AB,50,50,10.032,8.087
J,30,AB,10,75,12.383,6.211
D,20,A,10,50,11.041,7.027
G,40,AB,10,50,17.462,6.729
G,40,AB,50,50,26.376,15.793
A,20,B,50,50,29.946,17.224
G,40,AB,80,50,32.699,29.857
J,20,AB,50,75,20.154,13.773
G,0,AB,10,50,10.032,8.087
G,20,AB,80,50,29.302,21.947
A,30,B,10,50,21.151,10.115
J,0,AB,80,75,5.643,5.570
D,0,A,50,50,8.388,7.633
A,20,B,50,50,28.192,16.449
J,30,AB,50,75,22.982,13.934
A,20,B,80,50,36.679,31.353
G,40,AB,50,50,26.365,14.941
D,40,A,80,50,18.309,15.836
A,20,B,50,50,29.587,17.467
J,30,AB,80,75,29.882,26.468
D,30,A,50,50,15.966,11.918
J,40,AB,10,75,13.824,6.684
A,0,B,10,50,7.118,8.457
J,30,AB,80,75,30.826,23.795
D,40,A,10,50,13.210,8.042
A,30,B,50,50,29.049,23.014
D,30,A,80,50,16.283,17.566
G,0,AB,80,50,9.497,5.438
D,40,A,50,50,17.681,11.898
G,20,AB,80,50,25.458,21.297
G,40,AB,80,50,32.545,30.518
J,0,AB,80,75,11.072,5.020
J,30,AB,10,75,12.858,6.191
G,20,AB,80,50,28.071,24.983
G,30,AB,50,50,23.650,14.153
A,0,B,10,50,11.526,8.132
G,20,AB,50,50,21.270,12.696
G,0,AB,10,50,8.701,6.016
J,0,AB,10,75,5.643,5.570
J,40,AB,80,75,36.264,28.703
A,40,B,80,50,43.427,40.833
G,30,AB,80,50,33.624,26.190
D,20,A,10,50,11.699,7.191
J,40,AB,50,75,27.595,15.849
G,0,AB,80,50,10.032,8.087
A,30,B,80,50,40.094,36.772
J,40,AB,80,75,29.235,27.018
D,0,A,80,50,8.388,7.633
A,30,B,80,50,42.546,36.701
A,30,B,80,50,43.647,33.458
D,20,A,50,50,13.670,12.241
D,20,A,50,50,13.929,11.122
G,0,AB,80,50,8.701,6.016
A,40,B,10,50,23.337,9.707
G,20,AB,50,50,20.810,13.799
G,40,AB,50,50,24.493,15.064
A,40,B,80,50,43.300,35.650
A,20,B,80,50,37.641,35.841
J,30,AB,50,75,24.436,15.402
G,30,AB,50,50,23.700,13.729
D,20,A,50,50,15.239,11.662
A,40,B,50,50,30.330,28.930
J,0,AB,10,75,11.072,5.020
A,30,B,10,50,21.753,9.989
D,30,A,10,50,11.500,7.116
D,0,A,50,50,11.075,7.020
J,0,AB,50,75,5.643,5.570
A,0,B,80,50,7.118,8.457
D,0,A,80,50,11.075,7.020
G,30,AB,10,50,17.270,6.288
A,0,B,80,50,11.526,8.132
G,40,AB,10,50,18.267,6.365
J,20,AB,80,75,22.413,22.562
D,30,A,50,50,14.948,11.181
D,40,A,80,50,17.827,19.760
G,40,AB,80,50,34.329,28.112
D,40,A,50,50,17.938,12.520
D,0,A,10,50,11.075,7.020
D,30,A,10,50,11.075,7.629
G,30,AB,50,50,25.877,14.721
J,30,AB,80,75,28.099,24.762
J,20,AB,10,75,11.738,5.506
G,30,AB,10,50,16.701,6.780
A,0,B,50,50,7.118,8.457
A,20,B,10,50,18.554,9.915
J,0,AB,50,75,11.072,5.020
J,40,AB,50,75,24.334,15.689
J,40,AB,80,75,30.826,26.944
J,0,AB,10,75,12.203,5.152
A,40,B,10,50,24.201,9.362
G,20,AB,10,50,15.152,5.922
D,30,A,80,50,17.577,17.895
D,40,A,10,50,14.227,7.672
D,30,A,10,50,10.706,7.615
J,30,AB,50,75,21.460,15.613
A,40,B,50,50,30.359,26.869
A,0,B,50,50,11.526,8.132
A,40,B,10,50,22.969,9.903
G,20,AB,10,50,15.676,6.045
J,20,AB,80,75,21.041,19.836
A,40,B,50,50,30.001,27.824
D,30,A,50,50,16.491,12.379
D,0,A,80,50,10.706,8.921
G,20,AB,10,50,14.911,6.647
J,20,AB,50,75,18.281,14.868
D,0,A,10,50,10.706,8.921
A,30,B,50,50,29.228,24.331
J,20,AB,80,75,18.980,22.582
J,30,AB,10,75,13.582,5.835
A,0,B,50,50,7.816,6.540
G,30,AB,80,50,32.899,25.294
J,20,AB,10,75,11.404,5.252
A,0,B,80,50,7.816,6.540
D,0,A,50,50,10.706,8.921
A,20,B,10,50,20.048,8.816
G,0,AB,50,50,8.701,6.016
G,20,AB,50,50,19.326,13.053
D,40,A,50,50,16.204,13.086
A,40,B,80,50,46.960,42.368
A,20,B,10,50,18.027,9.540
D,20,A,80,50,14.973,15.528
A,30,B,50,50,29.566,24.664
J,0,AB,80,75,12.203,5.152
J,0,AB,50,75,12.203,5.152
J,20,AB,10,75,12.687,5.570
D,40,A,80,50,18.544,19.871
J,40,AB,50,75,23.573,15.344
D,20,A,10,50,10.410,7.038
A,0,B,10,50,7.816,6.540
G,40,AB,10,50,17.124,6.812
F,0,A,5,75,6.564,7.502
F,0,A,40,75,6.564,7.502
F,0,A,70,75,6.564,7.502
C,0,B,5,75,6.416,6.834
C,0,B,40,75,6.416,6.834
C,0,B,70,75,6.416,6.834
F,20,A,5,75,8.412,5.907
F,20,A,40,75,8.719,7.828
F,20,A,70,75,16.222,14.015
C,20,B,5,75,15.620,7.690
C,20,B,40,75,21.489,14.345
C,20,B,70,75,29.561,24.392
F,30,A,5,75,10.083,6.352
F,30,A,40,75,10.209,9.117
F,30,A,70,75,16.621,15.157
C,30,B,5,75,18.973,8.612
C,30,B,40,75,20.641,16.115
C,30,B,70,75,31.738,25.056
F,40,A,5,75,10.528,6.203
F,40,A,40,75,11.402,8.986
F,40,A,70,75,16.535,15.733
C,40,B,5,75,18.189,8.935
C,40,B,40,75,23.509,17.991
C,40,B,70,75,36.263,31.003
F,0,A,5,75,7.071,5.863
F,0,A,40,75,7.071,5.863
F,0,A,70,75,7.071,5.863
C,0,B,5,75,11.177,9.656
C,0,B,40,75,11.177,9.656
C,0,B,70,75,11.177,9.656
F,20,A,5,75,8.287,6.468
F,20,A,40,75,9.264,8.705
F,20,A,70,75,17.096,14.156
C,20,B,5,75,15.797,7.366
C,20,B,40,75,21.356,14.880
C,20,B,70,75,29.544,26.642
F,30,A,5,75,9.146,6.909
F,30,A,40,75,11.473,8.571
F,30,A,70,75,17.503,14.392
C,30,B,5,75,18.229,8.625
C,30,B,40,75,22.421,16.147
C,30,B,70,75,30.821,27.861
F,40,A,5,75,9.928,6.542
F,40,A,40,75,12.254,8.616
F,40,A,70,75,18.678,15.617
C,40,B,5,75,18.527,8.125
C,40,B,40,75,23.557,18.486
C,40,B,70,75,34.258,34.532
F,0,A,5,75,11.020,7.185
F,0,A,40,75,11.020,7.185
F,0,A,70,75,11.020,7.185
C,0,B,5,75,7.445,5.576
C,0,B,40,75,7.445,5.576
C,0,B,70,75,7.445,5.576
F,20,A,5,75,8.624,6.421
F,20,A,40,75,11.155,7.913
F,20,A,70,75,15.278,12.448
C,20,B,5,75,15.653,8.017
C,20,B,40,75,19.297,15.463
C,20,B,70,75,30.531,25.592
F,30,A,5,75,9.261,6.367
F,30,A,40,75,11.587,9.016
F,30,A,70,75,15.900,16.276
C,30,B,5,75,17.443,8.667
C,30,B,40,75,27.244,17.661
C,30,B,70,75,29.077,30.381
F,40,A,5,75,9.650,6.166
F,40,A,40,75,11.270,9.558
F,40,A,70,75,17.660,15.617
C,40,B,5,75,17.735,9.116
C,40,B,40,75,25.923,18.284
C,40,B,70,75,32.257,28.030
